115 000
1a6 000
226 000
266 000
287 000
256 000
1f6 000
16d 000
0ed 000
085 000
024 000
ffc 000
fcc 000
fb4 000
f94 000
f1b 000
ef3 000
f9c 000
054 000
0c5 000
0ed 000
0d5 000
07c 000
004 000
f6b 000
ebb 000
e6a 000
e3a 000
e32 000
e6a 000
edb 000
f6b 000
01c 000
0ad 000
145 000
18e 000
19e 000
186 000
12d 000
0c5 000
024 000
f9c 000
f1b 000
ebb 000
ea3 000
eb3 000
f1b 000
f94 000
034 000
0dd 000
155 000
1a6 000
1ce 000
196 000
12d 000
0b5 000
024 000
f94 000
f0b 000
eb3 000
ea3 000
ec3 000
f13 000
f94 000
000 000
000 000
000 000
000 000
000 000
000 000
000 000
000 000
000 000
000 000
000 000
000 000
000 000
000 000
000 000
000 000
000 000
000 000
000 000
000 000
000 000
000 000
000 000
000 000
000 000
000 000
000 000
000 000
000 000
000 000
000 000
000 000
000 000
000 000
000 000
000 000
000 000
19e 000
216 000
276 000
26e 000
256 000
1ee 000
175 000
0d5 000
044 000
ff4 000
fd4 000
fdc 000
fec 000
004 000
fec 000
fa4 000
f8c 000
004 000
095 000
0e5 000
0bd 000
064 000
fe4 000
f53 000
ebb 000
e3a 000
e02 000
e1a 000
e5a 000
ecb 000
f53 000
ff4 000
0ad 000
12d 000
18e 000
1a6 000
186 000
135 000
0ad 000
024 000
f94 000
f1b 000
ebb 000
ea3 000
ebb 000
f0b 000
f8c 000
024 000
0c5 000
145 000
19e 000
1be 000
1a6 000
13d 000
0ad 000
014 000
f8c 000
f0b 000
e9b 000
e8b 000
ebb 000
f13 000
f84 000
024 000
000 000
000 000
000 000
000 000
000 000
000 000
000 000
000 000
000 000
000 000
000 000
000 000
000 000
000 000
000 000
000 000
000 000
000 000
000 000
000 000
000 000
000 000
000 000
000 000
000 000
000 000
000 000
000 000
000 000
000 000
000 000
000 000
000 000
000 000
000 000
000 000
000 000
1fe 000
256 000
27e 000
256 000
1fe 000
175 000
0d5 000
03c 000
fcc 000
fb4 000
fbc 000
fec 000
03c 000
06c 000
05c 000
034 000
ffc 000
04c 000
0a5 000
0ad 000
05c 000
fdc 000
f4b 000
eab 000
e22 000
de2 000
de2 000
e2a 000
eab 000
f43 000
fe4 000
08d 000
11d 000
17d 000
19e 000
186 000
135 000
0ad 000
014 000
f7b 000
f03 000
ebb 000
e9b 000
ebb 000
f13 000
f84 000
024 000
0c5 000
13d 000
18e 000
1ae 000
186 000
135 000
0b5 000
00c 000
f6b 000
f03 000
eab 000
e72 000
ea3 000
f03 000
f8c 000
014 000
0ad 000
000 000
000 000
000 000
000 000
000 000
000 000
000 000
000 000
000 000
000 000
000 000
000 000
000 000
000 000
000 000
000 000
000 000
000 000
000 000
000 000
000 000
000 000
000 000
000 000
000 000
000 000
000 000
000 000
000 000
000 000
000 000
000 000
000 000
000 000
000 000
000 000
000 000
25e 000
276 000
256 000
1fe 000
17d 000
0dd 000
03c 000
fcc 000
f9c 000
fac 000
fdc 000
034 000
09d 000
0ed 000
0ed 000
0ad 000
05c 000
06c 000
085 000
04c 000
fec 000
f5b 000
ebb 000
e22 000
dca 000
db2 000
e0a 000
e83 000
f23 000
fdc 000
07c 000
115 000
16d 000
196 000
17d 000
135 000
0b5 000
014 000
f7b 000
f03 000
eab 000
e93 000
eb3 000
f1b 000
f8c 000
024 000
0c5 000
13d 000
18e 000
1b6 000
18e 000
13d 000
0bd 000
01c 000
f84 000
efb 000
ea3 000
e83 000
e9b 000
f03 000
f9c 000
034 000
0b5 000
135 000
000 000
000 000
000 000
000 000
000 000
000 000
000 000
000 000
000 000
000 000
000 000
000 000
000 000
000 000
000 000
000 000
000 000
000 000
000 000
000 000
000 000
000 000
000 000
000 000
000 000
000 000
000 000
000 000
000 000
000 000
000 000
000 000
000 000
000 000
000 000
000 000
000 000
276 000
256 000
1fe 000
186 000
0ed 000
044 000
fbc 000
f8c 000
f9c 000
fcc 000
024 000
095 000
11d 000
16d 000
175 000
115 000
07c 000
044 000
034 000
fcc 000
f4b 000
ec3 000
e32 000
dd2 000
daa 000
dd2 000
e62 000
f03 000
fbc 000
074 000
0fd 000
165 000
196 000
17d 000
125 000
0b5 000
01c 000
f8c 000
f03 000
ea3 000
e93 000
eb3 000
f0b 000
f9c 000
034 000
0bd 000
13d 000
196 000
1a6 000
19e 000
13d 000
0c5 000
024 000
f8c 000
f13 000
ea3 000
e83 000
eb3 000
ef3 000
f84 000
034 000
0dd 000
145 000
18e 000
000 000
000 000
000 000
000 000
000 000
000 000
000 000
000 000
000 000
000 000
000 000
000 000
000 000
000 000
000 000
000 000
000 000
000 000
000 000
000 000
000 000
000 000
000 000
000 000
000 000
000 000
000 000
000 000
000 000
000 000
000 000
000 000
000 000
000 000
000 000
000 000
000 000
256 000
1fe 000
186 000
0f5 000
05c 000
fcc 000
f6b 000
f73 000
fc4 000
014 000
08d 000
115 000
1a6 000
1fe 000
1de 000
155 000
05c 000
ffc 000
fac 000
f43 000
ec3 000
e2a 000
dd2 000
daa 000
dca 000
e32 000
ee3 000
f94 000
054 000
0e5 000
155 000
17d 000
16d 000
125 000
0ad 000
014 000
f7b 000
efb 000
ea3 000
e83 000
ea3 000
f03 000
f7b 000
02c 000
0b5 000
12d 000
186 000
1ae 000
18e 000
135 000
0ad 000
01c 000
f7b 000
ef3 000
ea3 000
e83 000
ea3 000
ef3 000
f6b 000
00c 000
0bd 000
155 000
1a6 000
1ae 000
000 000
000 000
000 000
000 000
000 000
000 000
000 000
000 000
000 000
000 000
000 000
000 000
000 000
000 000
000 000
000 000
000 000
000 000
000 000
000 000
000 000
000 000
000 000
000 000
000 000
000 000
000 000
000 000
000 000
000 000
000 000
000 000
000 000
000 000
000 000
000 000
000 000
1f6 000
17d 000
0fd 000
05c 000
fdc 000
f7b 000
f6b 000
fbc 000
024 000
095 000
115 000
19e 000
226 000
256 000
1fe 000
105 000
fe4 000
f5b 000
f0b 000
ea3 000
e32 000
dda 000
dba 000
dca 000
e1a 000
ebb 000
f6b 000
02c 000
0dd 000
13d 000
16d 000
165 000
11d 000
08d 000
004 000
f73 000
ef3 000
e9b 000
e7a 000
e9b 000
efb 000
f73 000
00c 000
0bd 000
135 000
17d 000
1a6 000
196 000
155 000
0b5 000
ffc 000
f5b 000
ed3 000
e83 000
e6a 000
e93 000
ee3 000
f5b 000
ffc 000
095 000
11d 000
186 000
1b6 000
18e 000
000 000
000 000
000 000
000 000
000 000
000 000
000 000
000 000
000 000
000 000
000 000
000 000
000 000
000 000
000 000
000 000
000 000
000 000
000 000
000 000
000 000
000 000
000 000
000 000
000 000
000 000
000 000
000 000
000 000
000 000
000 000
000 000
000 000
000 000
000 000
000 000
000 000
18e 000
0f5 000
064 000
fe4 000
f8c 000
f73 000
fb4 000
02c 000
0ad 000
12d 000
196 000
20e 000
287 000
28f 000
1de 000
0ad 000
f73 000
ecb 000
e7a 000
e22 000
de2 000
dc2 000
dda 000
e22 000
ea3 000
f4b 000
004 000
0ad 000
12d 000
165 000
155 000
105 000
095 000
ffc 000
f6b 000
ee3 000
e8b 000
e7a 000
ea3 000
ef3 000
f7b 000
014 000
0ad 000
12d 000
186 000
19e 000
175 000
13d 000
0cd 000
024 000
f6b 000
ecb 000
e62 000
e4a 000
e7a 000
ee3 000
f5b 000
fec 000
085 000
10d 000
175 000
19e 000
17d 000
12d 000
000 000
000 000
000 000
000 000
000 000
000 000
000 000
000 000
000 000
000 000
000 000
000 000
000 000
000 000
000 000
000 000
000 000
000 000
000 000
000 000
000 000
000 000
000 000
000 000
000 000
000 000
000 000
000 000
000 000
000 000
000 000
000 000
000 000
000 000
000 000
000 000
000 000
0f5 000
05c 000
fe4 000
f9c 000
f7b 000
fb4 000
02c 000
0b5 000
145 000
1b6 000
216 000
266 000
2a7 000
266 000
186 000
02c 000
edb 000
e4a 000
dfa 000
dc2 000
dc2 000
de2 000
e2a 000
e9b 000
f33 000
fe4 000
085 000
105 000
145 000
145 000
0ed 000
07c 000
ff4 000
f6b 000
ee3 000
e93 000
e6a 000
e8b 000
ee3 000
f7b 000
014 000
0a5 000
12d 000
17d 000
1a6 000
186 000
125 000
0ad 000
024 000
f73 000
ee3 000
e72 000
e4a 000
e62 000
ebb 000
f53 000
ff4 000
07c 000
0fd 000
155 000
186 000
17d 000
12d 000
0a5 000
000 000
000 000
000 000
000 000
000 000
000 000
000 000
000 000
000 000
000 000
000 000
000 000
000 000
000 000
000 000
000 000
000 000
000 000
000 000
000 000
000 000
000 000
000 000
000 000
000 000
000 000
000 000
000 000
000 000
000 000
000 000
000 000
000 000
000 000
000 000
000 000
000 000
074 000
fec 000
fa4 000
f84 000
fb4 000
02c 000
0a5 000
135 000
1c6 000
226 000
266 000
297 000
27e 000
1fe 000
0f5 000
f8c 000
e22 000
daa 000
d9a 000
da2 000
dd2 000
e1a 000
e9b 000
f33 000
fd4 000
05c 000
0dd 000
125 000
125 000
0dd 000
05c 000
fdc 000
f4b 000
edb 000
e83 000
e72 000
e83 000
ed3 000
f5b 000
004 000
09d 000
11d 000
16d 000
19e 000
186 000
135 000
0a5 000
004 000
f73 000
eeb 000
e83 000
e5a 000
e72 000
ebb 000
f43 000
fe4 000
074 000
0dd 000
135 000
165 000
15d 000
11d 000
0a5 000
01c 000
000 000
000 000
000 000
000 000
000 000
000 000
000 000
000 000
000 000
000 000
000 000
000 000
000 000
000 000
000 000
000 000
000 000
000 000
000 000
000 000
000 000
000 000
000 000
000 000
000 000
000 000
000 000
000 000
000 000
000 000
000 000
000 000
000 000
000 000
000 000
000 000
000 000
ffc 000
f9c 000
f73 000
fac 000
034 000
09d 000
115 000
19e 000
21e 000
276 000
297 000
276 000
226 000
17d 000
05c 000
ee3 000
d9a 000
d49 000
d79 000
dca 000
e22 000
ea3 000
f3b 000
fd4 000
04c 000
0ad 000
0f5 000
105 000
0d5 000
05c 000
fcc 000
f43 000
ecb 000
e72 000
e62 000
e7a 000
ed3 000
f53 000
004 000
09d 000
11d 000
16d 000
196 000
175 000
11d 000
0a5 000
00c 000
f73 000
ef3 000
e93 000
e6a 000
e93 000
ecb 000
f4b 000
fd4 000
054 000
0dd 000
12d 000
13d 000
115 000
0d5 000
085 000
ffc 000
f73 000
000 000
000 000
000 000
000 000
000 000
000 000
000 000
000 000
000 000
000 000
000 000
000 000
000 000
000 000
000 000
000 000
000 000
000 000
000 000
000 000
000 000
000 000
000 000
000 000
000 000
000 000
000 000
000 000
000 000
000 000
000 000
000 000
000 000
000 000
000 000
000 000
000 000
f9c 000
f7b 000
f9c 000
01c 000
0ad 000
0fd 000
16d 000
1e6 000
24e 000
2a7 000
27e 000
21e 000
1ae 000
0ed 000
fd4 000
e72 000
d49 000
d29 000
d92 000
e12 000
eab 000
f4b 000
fdc 000
054 000
0a5 000
0dd 000
0e5 000
0ad 000
054 000
fc4 000
f43 000
ecb 000
e7a 000
e5a 000
e8b 000
ed3 000
f53 000
004 000
0a5 000
125 000
175 000
17d 000
186 000
12d 000
0b5 000
00c 000
f6b 000
ee3 000
ea3 000
e6a 000
e83 000
efb 000
f9c 000
024 000
0ed 000
1f6 000
26e 000
276 000
24e 000
1b6 000
0c5 000
fd4 000
f1b 000
eab 000
000 000
000 000
000 000
000 000
000 000
000 000
000 000
000 000
000 000
000 000
000 000
000 000
000 000
000 000
000 000
000 000
000 000
000 000
000 000
000 000
000 000
000 000
000 000
000 000
000 000
000 000
000 000
000 000
000 000
000 000
000 000
000 000
000 000
000 000
000 000
000 000
000 000
f7b 000
f8c 000
ffc 000
0bd 000
12d 000
15d 000
1ae 000
1fe 000
256 000
28f 000
22e 000
1a6 000
11d 000
054 000
f5b 000
e22 000
d31 000
d49 000
de2 000
e8b 000
f43 000
fe4 000
054 000
0b5 000
0cd 000
0c5 000
09d 000
02c 000
fbc 000
f3b 000
ebb 000
e7a 000
e62 000
e7a 000
edb 000
f5b 000
004 000
0a5 000
125 000
17d 000
19e 000
175 000
115 000
0ad 000
01c 000
f6b 000
ee3 000
e83 000
ea3 000
f0b 000
f6b 000
00c 000
0a5 000
19e 000
24e 000
2d7 000
32f 000
30f 000
2d7 000
256 000
1b6 000
0f5 000
fdc 000
ecb 000
000 000
000 000
000 000
000 000
000 000
000 000
000 000
000 000
000 000
000 000
000 000
000 000
000 000
000 000
000 000
000 000
000 000
000 000
000 000
000 000
000 000
000 000
000 000
000 000
000 000
000 000
000 000
000 000
000 000
000 000
000 000
000 000
000 000
000 000
000 000
000 000
000 000
f94 000
ff4 000
0a5 000
14d 000
196 000
19e 000
1ae 000
1de 000
236 000
23e 000
1b6 000
11d 000
095 000
fdc 000
efb 000
dfa 000
d39 000
d9a 000
e52 000
f1b 000
fdc 000
04c 000
0ad 000
0d5 000
0b5 000
06c 000
01c 000
fac 000
f2b 000
ebb 000
e62 000
e5a 000
e8b 000
edb 000
f53 000
004 000
0a5 000
11d 000
17d 000
19e 000
175 000
105 000
08d 000
ffc 000
f6b 000
eeb 000
e9b 000
edb 000
f1b 000
fa4 000
fec 000
08d 000
15d 000
246 000
29f 000
2e7 000
30f 000
2bf 000
20e 000
165 000
105 000
0ad 000
08d 000
06c 000
000 000
000 000
000 000
000 000
000 000
000 000
000 000
000 000
000 000
000 000
000 000
000 000
000 000
000 000
000 000
000 000
000 000
000 000
000 000
000 000
000 000
000 000
000 000
000 000
000 000
000 000
000 000
000 000
000 000
000 000
000 000
000 000
000 000
000 000
000 000
000 000
000 000
fec 000
095 000
15d 000
1b6 000
1d6 000
196 000
15d 000
1be 000
1fe 000
1c6 000
12d 000
08d 000
014 000
f8c 000
eeb 000
e12 000
d79 000
e02 000
eeb 000
fa4 000
034 000
095 000
0bd 000
09d 000
05c 000
fec 000
f73 000
f03 000
e9b 000
e52 000
e42 000
e72 000
ecb 000
f43 000
fe4 000
08d 000
115 000
16d 000
196 000
165 000
105 000
0a5 000
04c 000
fdc 000
f33 000
e7a 000
e93 000
f03 000
f5b 000
fdc 000
095 000
14d 000
1c6 000
246 000
28f 000
29f 000
266 000
20e 000
17d 000
0ed 000
07c 000
04c 000
044 000
08d 000
000 000
000 000
000 000
000 000
000 000
000 000
000 000
000 000
000 000
000 000
000 000
000 000
000 000
000 000
000 000
000 000
000 000
000 000
000 000
000 000
000 000
000 000
000 000
000 000
000 000
000 000
000 000
000 000
000 000
000 000
000 000
000 000
000 000
000 000
000 000
000 000
000 000
085 000
15d 000
1de 000
206 000
1d6 000
105 000
0dd 000
175 000
186 000
135 000
09d 000
00c 000
fb4 000
f6b 000
f13 000
e72 000
e02 000
e8b 000
f63 000
00c 000
08d 000
0a5 000
08d 000
03c 000
fd4 000
f4b 000
ed3 000
e72 000
e3a 000
e22 000
e5a 000
eab 000
f3b 000
fe4 000
074 000
105 000
165 000
186 000
15d 000
12d 000
0bd 000
07c 000
fdc 000
f13 000
e7a 000
e3a 000
e8b 000
f23 000
f8c 000
024 000
0fd 000
196 000
22e 000
256 000
27e 000
236 000
1d6 000
14d 000
0ed 000
08d 000
04c 000
03c 000
064 000
0dd 000
000 000
000 000
000 000
000 000
000 000
000 000
000 000
000 000
000 000
000 000
000 000
000 000
000 000
000 000
000 000
000 000
000 000
000 000
000 000
000 000
000 000
000 000
000 000
000 000
000 000
000 000
000 000
000 000
000 000
000 000
000 000
000 000
000 000
000 000
000 000
000 000
000 000
14d 000
206 000
22e 000
226 000
16d 000
02c 000
05c 000
0f5 000
0fd 000
0a5 000
01c 000
fb4 000
f94 000
f84 000
f5b 000
eeb 000
e83 000
f0b 000
fcc 000
05c 000
08d 000
074 000
034 000
fbc 000
f33 000
eab 000
e3a 000
dfa 000
e0a 000
e32 000
e9b 000
f1b 000
fdc 000
074 000
0f5 000
15d 000
17d 000
14d 000
0fd 000
145 000
f84 000
f33 000
ebb 000
e5a 000
e4a 000
e5a 000
eeb 000
f94 000
004 000
0bd 000
15d 000
1c6 000
216 000
216 000
1f6 000
186 000
14d 000
0cd 000
074 000
05c 000
03c 000
054 000
0c5 000
14d 000
000 000
000 000
000 000
000 000
000 000
000 000
000 000
000 000
000 000
000 000
000 000
000 000
000 000
000 000
000 000
000 000
000 000
000 000
000 000
000 000
000 000
000 000
000 000
000 000
000 000
000 000
000 000
000 000
000 000
000 000
000 000
000 000
000 000
000 000
000 000
000 000
000 000
1fe 000
266 000
256 000
1de 000
08d 000
f7b 000
fec 000
04c 000
054 000
024 000
fc4 000
f94 000
fb4 000
fc4 000
fc4 000
f7b 000
f13 000
f84 000
034 000
07c 000
095 000
044 000
fbc 000
f23 000
e93 000
e1a 000
dea 000
de2 000
e2a 000
e72 000
f0b 000
fb4 000
05c 000
0dd 000
14d 000
17d 000
155 000
0fd 000
0a5 000
fd4 000
edb 000
ea3 000
e4a 000
e3a 000
e72 000
eb3 000
f73 000
024 000
0a5 000
145 000
1b6 000
1b6 000
1c6 000
186 000
14d 000
105 000
0bd 000
064 000
014 000
00c 000
044 000
0ad 000
14d 000
1fe 000
000 000
000 000
000 000
000 000
000 000
000 000
000 000
000 000
000 000
000 000
000 000
000 000
000 000
000 000
000 000
000 000
000 000
000 000
000 000
000 000
000 000
000 000
000 000
000 000
000 000
000 000
000 000
000 000
000 000
000 000
000 000
000 000
000 000
000 000
000 000
000 000
000 000
27e 000
28f 000
236 000
125 000
fac 000
f13 000
f63 000
fb4 000
fdc 000
fd4 000
fb4 000
fbc 000
004 000
044 000
064 000
00c 000
f7b 000
fdc 000
054 000
06c 000
034 000
fc4 000
f2b 000
e83 000
e0a 000
dba 000
dc2 000
dfa 000
e72 000
f03 000
f9c 000
04c 000
0dd 000
135 000
15d 000
155 000
0f5 000
0a5 000
064 000
ee3 000
e83 000
e12 000
dfa 000
e4a 000
ed3 000
f53 000
004 000
09d 000
14d 000
1be 000
1be 000
1ae 000
16d 000
105 000
0a5 000
03c 000
ffc 000
fcc 000
fe4 000
03c 000
0a5 000
145 000
1fe 000
297 000
000 000
000 000
000 000
000 000
000 000
000 000
000 000
000 000
000 000
000 000
000 000
000 000
000 000
000 000
000 000
000 000
000 000
000 000
000 000
000 000
000 000
000 000
000 000
000 000
000 000
000 000
000 000
000 000
000 000
000 000
000 000
000 000
000 000
000 000
000 000
000 000
000 000
2a7 000
276 000
1a6 000
014 000
f2b 000
e93 000
ed3 000
f3b 000
f7b 000
fac 000
fd4 000
01c 000
085 000
0e5 000
0fd 000
085 000
fe4 000
00c 000
034 000
024 000
fbc 000
f1b 000
e8b 000
e0a 000
dba 000
daa 000
de2 000
e5a 000
efb 000
fa4 000
034 000
0cd 000
135 000
155 000
145 000
0e5 000
074 000
04c 000
f5b 000
e5a 000
df2 000
dea 000
e42 000
e8b 000
f3b 000
ff4 000
085 000
12d 000
175 000
1c6 000
1be 000
15d 000
0dd 000
064 000
00c 000
f9c 000
f84 000
fbc 000
02c 000
0ad 000
13d 000
1ce 000
27e 000
317 000
000 000
000 000
000 000
000 000
000 000
000 000
000 000
000 000
000 000
000 000
000 000
000 000
000 000
000 000
000 000
000 000
000 000
000 000
000 000
000 000
000 000
000 000
000 000
000 000
000 000
000 000
000 000
000 000
000 000
000 000
000 000
000 000
000 000
000 000
000 000
000 000
000 000
297 000
1fe 000
0a5 000
f33 000
e9b 000
e12 000
e52 000
eeb 000
f5b 000
fc4 000
02c 000
0a5 000
11d 000
175 000
16d 000
0d5 000
00c 000
fe4 000
fec 000
f94 000
f1b 000
e83 000
e0a 000
db2 000
d9a 000
dca 000
e3a 000
ee3 000
f94 000
034 000
0bd 000
135 000
15d 000
145 000
0e5 000
064 000
ffc 000
f5b 000
e5a 000
dfa 000
df2 000
e42 000
e9b 000
f1b 000
fd4 000
06c 000
0f5 000
15d 000
186 000
196 000
145 000
0cd 000
034 000
fd4 000
f4b 000
f43 000
f63 000
fdc 000
09d 000
135 000
1d6 000
26e 000
2ff 000
367 000
000 000
000 000
000 000
000 000
000 000
000 000
000 000
000 000
000 000
000 000
000 000
000 000
000 000
000 000
000 000
000 000
000 000
000 000
000 000
000 000
000 000
000 000
000 000
000 000
000 000
000 000
000 000
000 000
000 000
000 000
000 000
000 000
000 000
000 000
000 000
000 000
000 000
22e 000
115 000
f6b 000
ea3 000
e22 000
da2 000
dfa 000
ec3 000
f7b 000
024 000
0ad 000
13d 000
1be 000
1ee 000
1b6 000
105 000
004 000
f9c 000
f6b 000
ef3 000
e7a 000
e0a 000
dba 000
db2 000
db2 000
e1a 000
ebb 000
f7b 000
02c 000
0b5 000
11d 000
14d 000
13d 000
0e5 000
074 000
fec 000
f5b 000
e5a 000
dea 000
dea 000
e32 000
e9b 000
f33 000
fcc 000
05c 000
0cd 000
12d 000
18e 000
186 000
165 000
0e5 000
03c 000
fac 000
f4b 000
ef3 000
f23 000
f84 000
02c 000
105 000
1b6 000
26e 000
317 000
307 000
30f 000
000 000
000 000
000 000
000 000
000 000
000 000
000 000
000 000
000 000
000 000
000 000
000 000
000 000
000 000
000 000
000 000
000 000
000 000
000 000
000 000
000 000
000 000
000 000
000 000
000 000
000 000
000 000
000 000
000 000
000 000
000 000
000 000
000 000
000 000
000 000
000 000
000 000
165 000
fcc 000
e9b 000
e32 000
daa 000
d41 000
dda 000
ee3 000
fc4 000
095 000
13d 000
1ce 000
23e 000
246 000
1d6 000
0dd 000
f9c 000
f13 000
ed3 000
e6a 000
dea 000
dba 000
da2 000
dc2 000
e0a 000
e9b 000
f5b 000
004 000
0a5 000
115 000
13d 000
13d 000
0e5 000
064 000
fd4 000
f53 000
e72 000
dea 000
dda 000
e1a 000
e83 000
f2b 000
fac 000
04c 000
0ad 000
125 000
175 000
16d 000
13d 000
0ed 000
044 000
fbc 000
f53 000
f0b 000
f03 000
f2b 000
fbc 000
08d 000
186 000
23e 000
2af 000
2af 000
317 000
3b0 000
000 000
000 000
000 000
000 000
000 000
000 000
000 000
000 000
000 000
000 000
000 000
000 000
000 000
000 000
000 000
000 000
000 000
000 000
000 000
000 000
000 000
000 000
000 000
000 000
000 000
000 000
000 000
000 000
000 000
000 000
000 000
000 000
000 000
000 000
000 000
000 000
000 000
03c 000
ebb 000
e2a 000
dca 000
d59 000
d21 000
de2 000
f33 000
03c 000
125 000
1d6 000
24e 000
297 000
276 000
1b6 000
07c 000
f1b 000
e8b 000
e4a 000
dfa 000
daa 000
d82 000
db2 000
e0a 000
e8b 000
f3b 000
fe4 000
085 000
105 000
13d 000
11d 000
0d5 000
064 000
fd4 000
f53 000
e93 000
dea 000
df2 000
e1a 000
e7a 000
f1b 000
fb4 000
024 000
09d 000
105 000
17d 000
17d 000
125 000
0e5 000
054 000
fdc 000
f6b 000
f23 000
ed3 000
ef3 000
f6b 000
034 000
145 000
216 000
226 000
27e 000
390 000
3e8 000
377 000
000 000
000 000
000 000
000 000
000 000
000 000
000 000
000 000
000 000
000 000
000 000
000 000
000 000
000 000
000 000
000 000
000 000
000 000
000 000
000 000
000 000
000 000
000 000
000 000
000 000
000 000
000 000
000 000
000 000
000 000
000 000
000 000
000 000
000 000
000 000
000 000
000 000
eeb 000
e12 000
dba 000
d71 000
d41 000
d41 000
e3a 000
fa4 000
0cd 000
1b6 000
256 000
2a7 000
2b7 000
24e 000
15d 000
00c 000
e8b 000
de2 000
dc2 000
d9a 000
d92 000
db2 000
e02 000
e83 000
f33 000
fdc 000
064 000
0dd 000
125 000
125 000
0bd 000
054 000
fcc 000
f53 000
ed3 000
e1a 000
e02 000
e12 000
e6a 000
f03 000
fb4 000
034 000
0c5 000
11d 000
15d 000
16d 000
125 000
0b5 000
04c 000
fa4 000
f4b 000
f0b 000
ee3 000
edb 000
f4b 000
ff4 000
0e5 000
1c6 000
1b6 000
29f 000
3a8 000
3d0 000
36f 000
30f 000
000 000
000 000
000 000
000 000
000 000
000 000
000 000
000 000
000 000
000 000
000 000
000 000
000 000
000 000
000 000
000 000
000 000
000 000
000 000
000 000
000 000
000 000
000 000
000 000
000 000
000 000
000 000
000 000
000 000
000 000
000 000
000 000
000 000
000 000
000 000
000 000
000 000
e22 000
dba 000
d71 000
d51 000
d69 000
daa 000
ebb 000
03c 000
165 000
23e 000
2a7 000
2c7 000
297 000
1fe 000
0e5 000
f73 000
dfa 000
d51 000
d59 000
d71 000
daa 000
e02 000
e93 000
f1b 000
fcc 000
04c 000
0bd 000
105 000
105 000
0c5 000
04c 000
fbc 000
f23 000
efb 000
e32 000
dc2 000
e12 000
e83 000
eeb 000
f8c 000
034 000
0bd 000
12d 000
155 000
17d 000
12d 000
0bd 000
054 000
fcc 000
f43 000
ef3 000
ecb 000
ed3 000
f13 000
fc4 000
064 000
115 000
1be 000
307 000
3c8 000
388 000
33f 000
2c7 000
23e 000
000 000
000 000
000 000
000 000
000 000
000 000
000 000
000 000
000 000
000 000
000 000
000 000
000 000
000 000
000 000
000 000
000 000
000 000
000 000
000 000
000 000
000 000
000 000
000 000
000 000
000 000
000 000
000 000
000 000
000 000
000 000
000 000
000 000
000 000
000 000
000 000
000 000
d9a 000
d71 000
d59 000
d79 000
dc2 000
e3a 000
f6b 000
0dd 000
1e6 000
287 000
2bf 000
29f 000
22e 000
17d 000
054 000
ed3 000
d79 000
cf9 000
d39 000
d8a 000
dea 000
e83 000
f33 000
fb4 000
034 000
09d 000
0dd 000
0dd 000
0a5 000
044 000
fb4 000
efb 000
f03 000
ef3 000
da2 000
dd2 000
e4a 000
f03 000
f8c 000
024 000
0a5 000
105 000
14d 000
14d 000
12d 000
0c5 000
074 000
fd4 000
f23 000
f03 000
edb 000
ee3 000
f13 000
f84 000
024 000
0ad 000
1fe 000
2ff 000
3a8 000
3b0 000
327 000
29f 000
1f6 000
15d 000
000 000
000 000
000 000
000 000
000 000
000 000
000 000
000 000
000 000
000 000
000 000
000 000
000 000
000 000
000 000
000 000
000 000
000 000
000 000
000 000
000 000
000 000
000 000
000 000
000 000
000 000
000 000
000 000
000 000
000 000
000 000
000 000
000 000
000 000
000 000
000 000
000 000
d69 000
d51 000
d71 000
dca 000
e3a 000
ebb 000
fec 000
15d 000
246 000
2a7 000
29f 000
236 000
1be 000
0f5 000
fc4 000
e5a 000
d21 000
ce9 000
d49 000
dd2 000
e7a 000
f1b 000
fc4 000
044 000
095 000
0cd 000
0cd 000
08d 000
02c 000
f9c 000
efb 000
e4a 000
f8c 000
e9b 000
daa 000
e42 000
ed3 000
f7b 000
01c 000
0ad 000
11d 000
14d 000
14d 000
105 000
0a5 000
054 000
fcc 000
f0b 000
ec3 000
ed3 000
ef3 000
f13 000
f63 000
fa4 000
0a5 000
236 000
35f 000
398 000
34f 000
307 000
2a7 000
1e6 000
145 000
0e5 000
000 000
000 000
000 000
000 000
000 000
000 000
000 000
000 000
000 000
000 000
000 000
000 000
000 000
000 000
000 000
000 000
000 000
000 000
000 000
000 000
000 000
000 000
000 000
000 000
000 000
000 000
000 000
000 000
000 000
000 000
000 000
000 000
000 000
000 000
000 000
000 000
000 000
d59 000
d69 000
dba 000
e3a 000
ebb 000
f3b 000
054 000
1b6 000
25e 000
287 000
246 000
1b6 000
125 000
05c 000
f43 000
e1a 000
d01 000
d01 000
daa 000
e5a 000
ef3 000
fac 000
03c 000
09d 000
0b5 000
0c5 000
074 000
004 000
f84 000
efb 000
e52 000
e42 000
03c 000
e32 000
e22 000
eab 000
f6b 000
01c 000
0a5 000
0ed 000
13d 000
135 000
105 000
0a5 000
034 000
fb4 000
f3b 000
ebb 000
eab 000
eeb 000
efb 000
f43 000
f9c 000
0c5 000
287 000
35f 000
35f 000
347 000
307 000
266 000
19e 000
125 000
0f5 000
0cd 000
000 000
000 000
000 000
000 000
000 000
000 000
000 000
000 000
000 000
000 000
000 000
000 000
000 000
000 000
000 000
000 000
000 000
000 000
000 000
000 000
000 000
000 000
000 000
000 000
000 000
000 000
000 000
000 000
000 000
000 000
000 000
000 000
000 000
000 000
000 000
000 000
000 000
d61 000
dba 000
e32 000
ecb 000
f63 000
fbc 000
09d 000
1be 000
23e 000
236 000
1be 000
11d 000
085 000
fcc 000
ee3 000
de2 000
cf9 000
d41 000
e12 000
ecb 000
f8c 000
01c 000
074 000
095 000
08d 000
04c 000
fe4 000
f5b 000
ed3 000
e5a 000
dba 000
f0b 000
04c 000
e4a 000
e93 000
f53 000
00c 000
0ad 000
105 000
125 000
125 000
0d5 000
09d 000
024 000
fb4 000
f0b 000
eb3 000
e93 000
edb 000
ee3 000
edb 000
fac 000
135 000
2a7 000
327 000
36f 000
2f7 000
29f 000
24e 000
1b6 000
135 000
0bd 000
095 000
095 000
000 000
000 000
000 000
000 000
000 000
000 000
000 000
000 000
000 000
000 000
000 000
000 000
000 000
000 000
000 000
000 000
000 000
000 000
000 000
000 000
000 000
000 000
000 000
000 000
000 000
000 000
000 000
000 000
000 000
000 000
000 000
000 000
000 000
000 000
000 000
000 000
000 000
db2 000
e3a 000
ee3 000
f84 000
ffc 000
02c 000
0cd 000
196 000
1de 000
1b6 000
135 000
095 000
004 000
f73 000
ec3 000
df2 000
d49 000
daa 000
e8b 000
f7b 000
01c 000
08d 000
0ad 000
085 000
034 000
fc4 000
f4b 000
ebb 000
e62 000
e12 000
da2 000
024 000
05c 000
ed3 000
f23 000
fec 000
07c 000
10d 000
125 000
11d 000
0c5 000
085 000
01c 000
f5b 000
ec3 000
e52 000
e9b 000
ec3 000
edb 000
efb 000
fbc 000
186 000
2b7 000
317 000
2cf 000
2d7 000
2af 000
20e 000
175 000
115 000
0cd 000
074 000
06c 000
095 000
000 000
000 000
000 000
000 000
000 000
000 000
000 000
000 000
000 000
000 000
000 000
000 000
000 000
000 000
000 000
000 000
000 000
000 000
000 000
000 000
000 000
000 000
000 000
000 000
000 000
000 000
000 000
000 000
000 000
000 000
000 000
000 000
000 000
000 000
000 000
000 000
000 000
e4a 000
ee3 000
f84 000
01c 000
06c 000
064 000
0ad 000
13d 000
15d 000
12d 000
0ad 000
024 000
fbc 000
f53 000
ee3 000
e42 000
dda 000
e5a 000
f2b 000
004 000
085 000
0ad 000
09d 000
044 000
fc4 000
f33 000
eab 000
e52 000
e12 000
dfa 000
e12 000
10d 000
07c 000
f23 000
fbc 000
064 000
0e5 000
105 000
0dd 000
0bd 000
07c 000
014 000
f4b 000
e9b 000
e72 000
e8b 000
e93 000
edb 000
ee3 000
fcc 000
1b6 000
2af 000
2df 000
2bf 000
2bf 000
26e 000
20e 000
1a6 000
115 000
07c 000
085 000
06c 000
064 000
0c5 000
000 000
000 000
000 000
000 000
000 000
000 000
000 000
000 000
000 000
000 000
000 000
000 000
000 000
000 000
000 000
000 000
000 000
000 000
000 000
000 000
000 000
000 000
000 000
000 000
000 000
000 000
000 000
000 000
000 000
000 000
000 000
000 000
000 000
000 000
000 000
000 000
000 000
ef3 000
f9c 000
02c 000
085 000
09d 000
06c 000
064 000
0bd 000
0c5 000
095 000
02c 000
fd4 000
fa4 000
f8c 000
f53 000
ed3 000
e83 000
f03 000
fd4 000
064 000
0a5 000
095 000
044 000
fcc 000
f2b 000
eb3 000
e42 000
e02 000
dfa 000
dea 000
ec3 000
1c6 000
0dd 000
fcc 000
044 000
0c5 000
0bd 000
0bd 000
0bd 000
06c 000
fec 000
f33 000
eab 000
e62 000
ea3 000
ebb 000
ef3 000
eeb 000
fec 000
1ae 000
266 000
29f 000
2bf 000
297 000
25e 000
236 000
1b6 000
0ed 000
095 000
074 000
034 000
054 000
0c5 000
0fd 000
000 000
000 000
000 000
000 000
000 000
000 000
000 000
000 000
000 000
000 000
000 000
000 000
000 000
000 000
000 000
000 000
000 000
000 000
000 000
000 000
000 000
000 000
000 000
000 000
000 000
000 000
000 000
000 000
000 000
000 000
000 000
000 000
000 000
000 000
000 000
000 000
000 000
fac 000
034 000
095 000
0b5 000
085 000
00c 000
fdc 000
02c 000
02c 000
00c 000
fcc 000
fb4 000
fd4 000
ff4 000
fe4 000
f73 000
f23 000
f94 000
034 000
08d 000
095 000
044 000
fcc 000
f4b 000
e93 000
e22 000
dfa 000
de2 000
e22 000
e32 000
fd4 000
26e 000
0dd 000
04c 000
074 000
0c5 000
0cd 000
0ad 000
024 000
fa4 000
f1b 000
ea3 000
e7a 000
e72 000
e83 000
ecb 000
ee3 000
fec 000
19e 000
216 000
24e 000
25e 000
28f 000
246 000
1fe 000
18e 000
115 000
0ad 000
014 000
014 000
04c 000
08d 000
0c5 000
175 000
000 000
000 000
000 000
000 000
000 000
000 000
000 000
000 000
000 000
000 000
000 000
000 000
000 000
000 000
000 000
000 000
000 000
000 000
000 000
000 000
000 000
000 000
000 000
000 000
000 000
000 000
000 000
000 000
000 000
000 000
000 000
000 000
000 000
000 000
000 000
000 000
000 000
03c 000
095 000
0b5 000
095 000
034 000
fa4 000
f6b 000
f9c 000
fa4 000
fa4 000
fac 000
fe4 000
034 000
085 000
07c 000
01c 000
f9c 000
fec 000
054 000
06c 000
03c 000
fc4 000
f33 000
e93 000
e0a 000
dba 000
dc2 000
dfa 000
e62 000
e7a 000
0ed 000
29f 000
12d 000
0dd 000
0ad 000
0bd 000
064 000
fcc 000
f63 000
f0b 000
e83 000
e7a 000
e62 000
e52 000
ea3 000
ef3 000
004 000
186 000
1fe 000
21e 000
236 000
216 000
1ee 000
1f6 000
186 000
0ed 000
054 000
fec 000
014 000
034 000
074 000
0c5 000
165 000
25e 000
000 000
000 000
000 000
000 000
000 000
000 000
000 000
000 000
000 000
000 000
000 000
000 000
000 000
000 000
000 000
000 000
000 000
000 000
000 000
000 000
000 000
000 000
000 000
000 000
000 000
000 000
000 000
000 000
000 000
000 000
000 000
000 000
000 000
000 000
000 000
000 000
000 000
095 000
0b5 000
08d 000
03c 000
fb4 000
f13 000
ee3 000
f2b 000
f63 000
f94 000
fdc 000
04c 000
0cd 000
135 000
125 000
09d 000
ffc 000
014 000
054 000
014 000
fb4 000
f23 000
e93 000
e12 000
daa 000
d9a 000
dda 000
e42 000
ebb 000
efb 000
226 000
2df 000
1b6 000
11d 000
0b5 000
064 000
fdc 000
f3b 000
ed3 000
e52 000
e42 000
e2a 000
e42 000
ebb 000
f0b 000
04c 000
14d 000
1be 000
20e 000
236 000
1de 000
1de 000
1be 000
12d 000
0dd 000
03c 000
fc4 000
fcc 000
024 000
064 000
06c 000
18e 000
226 000
297 000
000 000
000 000
000 000
000 000
000 000
000 000
000 000
000 000
000 000
000 000
000 000
000 000
000 000
000 000
000 000
000 000
000 000
000 000
000 000
000 000
000 000
000 000
000 000
000 000
000 000
000 000
000 000
000 000
000 000
000 000
000 000
000 000
000 000
000 000
000 000
000 000
000 000
0b5 000
09d 000
03c 000
fb4 000
f23 000
e83 000
e62 000
ec3 000
f4b 000
fc4 000
044 000
0d5 000
16d 000
1d6 000
1ae 000
0f5 000
024 000
fe4 000
fec 000
f8c 000
f13 000
e8b 000
e0a 000
da2 000
d82 000
db2 000
e22 000
ebb 000
f33 000
fac 000
33f 000
337 000
216 000
125 000
054 000
fec 000
f4b 000
ecb 000
e6a 000
e32 000
e2a 000
e42 000
ed3 000
f0b 000
024 000
145 000
1d6 000
1de 000
206 000
1ae 000
1b6 000
18e 000
11d 000
074 000
fe4 000
fe4 000
004 000
ff4 000
ff4 000
095 000
17d 000
206 000
2a7 000
2f7 000
000 000
000 000
000 000
000 000
000 000
000 000
000 000
000 000
000 000
000 000
000 000
000 000
000 000
000 000
000 000
000 000
000 000
000 000
000 000
000 000
000 000
000 000
000 000
000 000
000 000
000 000
000 000
000 000
000 000
000 000
000 000
000 000
000 000
000 000
000 000
000 000
000 000
09d 000
02c 000
fac 000
f0b 000
e7a 000
e02 000
e02 000
e9b 000
f63 000
02c 000
0d5 000
17d 000
206 000
24e 000
1fe 000
11d 000
ffc 000
f84 000
f5b 000
efb 000
e72 000
e02 000
daa 000
d82 000
da2 000
e02 000
e9b 000
f53 000
fb4 000
074 000
3e0 000
34f 000
216 000
125 000
054 000
f73 000
eb3 000
e4a 000
e0a 000
df2 000
e5a 000
ecb 000
f0b 000
fec 000
14d 000
196 000
1ee 000
20e 000
196 000
1ae 000
155 000
0c5 000
024 000
fc4 000
fec 000
fd4 000
fd4 000
ff4 000
09d 000
175 000
206 000
28f 000
2e7 000
307 000
000 000
000 000
000 000
000 000
000 000
000 000
000 000
000 000
000 000
000 000
000 000
000 000
000 000
000 000
000 000
000 000
000 000
000 000
000 000
000 000
000 000
000 000
000 000
000 000
000 000
000 000
000 000
000 000
000 000
000 000
000 000
000 000
000 000
000 000
000 000
000 000
000 000
024 000
fac 000
f1b 000
e72 000
dfa 000
d92 000
dca 000
ebb 000
fbc 000
0a5 000
16d 000
206 000
287 000
2a7 000
21e 000
105 000
fac 000
f1b 000
ed3 000
e62 000
dfa 000
db2 000
d82 000
daa 000
e02 000
e83 000
f3b 000
fdc 000
02c 000
0fd 000
400 000
317 000
1ee 000
0f5 000
014 000
f03 000
e3a 000
dda 000
dd2 000
e22 000
e93 000
ecb 000
014 000
10d 000
1a6 000
1ee 000
1d6 000
16d 000
1ae 000
15d 000
0d5 000
fd4 000
f73 000
f6b 000
fb4 000
fc4 000
fb4 000
0b5 000
18e 000
1d6 000
256 000
2ef 000
31f 000
2df 000
000 000
000 000
000 000
000 000
000 000
000 000
000 000
000 000
000 000
000 000
000 000
000 000
000 000
000 000
000 000
000 000
000 000
000 000
000 000
000 000
000 000
000 000
000 000
000 000
000 000
000 000
000 000
000 000
000 000
000 000
000 000
000 000
000 000
000 000
000 000
000 000
000 000
fa4 000
f0b 000
e6a 000
dea 000
d9a 000
d79 000
df2 000
f2b 000
054 000
14d 000
1fe 000
27e 000
2d7 000
2bf 000
206 000
0a5 000
f2b 000
e83 000
e4a 000
dea 000
db2 000
d92 000
daa 000
e02 000
e7a 000
f23 000
fc4 000
054 000
07c 000
11d 000
3d0 000
2af 000
1a6 000
0a5 000
fbc 000
ed3 000
df2 000
d69 000
de2 000
e93 000
edb 000
fec 000
115 000
15d 000
1e6 000
1ce 000
13d 000
19e 000
155 000
095 000
ffc 000
fa4 000
f4b 000
f03 000
f53 000
fa4 000
0c5 000
165 000
1c6 000
25e 000
2bf 000
2c7 000
2bf 000
246 000
000 000
000 000
000 000
000 000
000 000
000 000
000 000
000 000
000 000
000 000
000 000
000 000
000 000
000 000
000 000
000 000
000 000
000 000
000 000
000 000
000 000
000 000
000 000
000 000
000 000
000 000
000 000
000 000
000 000
000 000
000 000
000 000
000 000
000 000
000 000
000 000
000 000
f0b 000
e62 000
de2 000
d8a 000
d69 000
d9a 000
e52 000
fb4 000
0ed 000
1de 000
276 000
2cf 000
2ef 000
29f 000
1b6 000
02c 000
e93 000
de2 000
dba 000
d9a 000
d8a 000
daa 000
dfa 000
e7a 000
f13 000
fbc 000
04c 000
095 000
06c 000
125 000
367 000
21e 000
105 000
01c 000
f43 000
eb3 000
dca 000
db2 000
e3a 000
ebb 000
004 000
115 000
145 000
1be 000
19e 000
13d 000
17d 000
11d 000
095 000
fdc 000
f5b 000
f1b 000
f43 000
f3b 000
f84 000
07c 000
0fd 000
19e 000
266 000
29f 000
2b7 000
28f 000
22e 000
1de 000
000 000
000 000
000 000
000 000
000 000
000 000
000 000
000 000
000 000
000 000
000 000
000 000
000 000
000 000
000 000
000 000
000 000
000 000
000 000
000 000
000 000
000 000
000 000
000 000
000 000
000 000
000 000
000 000
000 000
000 000
000 000
000 000
000 000
000 000
000 000
000 000
000 000
e72 000
dea 000
d82 000
d71 000
d82 000
dea 000
eeb 000
04c 000
186 000
25e 000
2d7 000
2ef 000
2d7 000
24e 000
13d 000
fa4 000
e02 000
d71 000
d61 000
d71 000
daa 000
dfa 000
e7a 000
f13 000
fac 000
03c 000
08d 000
0b5 000
02c 000
125 000
2e7 000
1b6 000
08d 000
fac 000
ef3 000
eb3 000
e42 000
e42 000
ea3 000
fec 000
105 000
15d 000
1ae 000
175 000
13d 000
17d 000
12d 000
085 000
fc4 000
f1b 000
ef3 000
f23 000
f0b 000
f8c 000
06c 000
0ed 000
186 000
21e 000
26e 000
256 000
246 000
22e 000
1ce 000
0dd 000
000 000
000 000
000 000
000 000
000 000
000 000
000 000
000 000
000 000
000 000
000 000
000 000
000 000
000 000
000 000
000 000
000 000
000 000
000 000
000 000
000 000
000 000
000 000
000 000
000 000
000 000
000 000
000 000
000 000
000 000
000 000
000 000
000 000
000 000
000 000
000 000
000 000
dea 000
da2 000
d79 000
d92 000
dfa 000
e9b 000
f94 000
0e5 000
1fe 000
2b7 000
2f7 000
2df 000
27e 000
1ce 000
0b5 000
f0b 000
d71 000
cf9 000
d39 000
d8a 000
df2 000
e72 000
f03 000
fac 000
02c 000
085 000
0a5 000
085 000
fb4 000
0d5 000
287 000
15d 000
054 000
fa4 000
f13 000
f23 000
eeb 000
e8b 000
fb4 000
0e5 000
125 000
1ae 000
186 000
145 000
16d 000
0fd 000
07c 000
fb4 000
ef3 000
eb3 000
f23 000
eeb 000
f5b 000
06c 000
0d5 000
0fd 000
165 000
1f6 000
256 000
1d6 000
15d 000
05c 000
fec 000
08d 000
000 000
000 000
000 000
000 000
000 000
000 000
000 000
000 000
000 000
000 000
000 000
000 000
000 000
000 000
000 000
000 000
000 000
000 000
000 000
000 000
000 000
000 000
000 000
000 000
000 000
000 000
000 000
000 000
000 000
000 000
000 000
000 000
000 000
000 000
000 000
000 000
000 000
da2 000
d82 000
d9a 000
dfa 000
e8b 000
f43 000
02c 000
165 000
256 000
2df 000
2d7 000
287 000
1fe 000
145 000
01c 000
e83 000
d11 000
cc9 000
d51 000
dea 000
e7a 000
f0b 000
fa4 000
02c 000
085 000
0a5 000
095 000
01c 000
f2b 000
02c 000
206 000
0fd 000
004 000
f84 000
f6b 000
fbc 000
fbc 000
f8c 000
07c 000
115 000
196 000
175 000
11d 000
165 000
115 000
054 000
f9c 000
ed3 000
ebb 000
eeb 000
ecb 000
f5b 000
034 000
05c 000
03c 000
11d 000
125 000
0e5 000
0cd 000
0a5 000
16d 000
0d5 000
f2b 000
efb 000
000 000
000 000
000 000
000 000
000 000
000 000
000 000
000 000
000 000
000 000
000 000
000 000
000 000
000 000
000 000
000 000
000 000
000 000
000 000
000 000
000 000
000 000
000 000
000 000
000 000
000 000
000 000
000 000
000 000
000 000
000 000
000 000
000 000
000 000
000 000
000 000
000 000
d8a 000
daa 000
e02 000
e83 000
f2b 000
fdc 000
0cd 000
1d6 000
27e 000
2c7 000
287 000
20e 000
16d 000
0ad 000
fa4 000
e32 000
ce9 000
ce9 000
d9a 000
e5a 000
f0b 000
fb4 000
03c 000
095 000
0ad 000
08d 000
034 000
f9c 000
e93 000
f6b 000
18e 000
0b5 000
044 000
fc4 000
f63 000
00c 000
07c 000
02c 000
0d5 000
14d 000
155 000
105 000
145 000
0fd 000
04c 000
f7b 000
ec3 000
ea3 000
eab 000
ebb 000
f33 000
ffc 000
074 000
08d 000
16d 000
14d 000
105 000
064 000
f8c 000
f43 000
0ed 000
074 000
f23 000
e32 000
000 000
000 000
000 000
000 000
000 000
000 000
000 000
000 000
000 000
000 000
000 000
000 000
000 000
000 000
000 000
000 000
000 000
000 000
000 000
000 000
000 000
000 000
000 000
000 000
000 000
000 000
000 000
000 000
000 000
000 000
000 000
000 000
000 000
000 000
000 000
000 000
000 000
daa 000
e1a 000
e8b 000
f13 000
fcc 000
07c 000
125 000
1fe 000
266 000
26e 000
206 000
16d 000
0dd 000
02c 000
f4b 000
e1a 000
d09 000
d41 000
e1a 000
efb 000
fa4 000
034 000
085 000
0b5 000
085 000
034 000
fbc 000
f13 000
e22 000
e6a 000
115 000
0ad 000
0bd 000
034 000
f73 000
01c 000
08d 000
08d 000
125 000
145 000
0cd 000
125 000
0ed 000
03c 000
f7b 000
ed3 000
eb3 000
ea3 000
eab 000
f03 000
fec 000
044 000
044 000
15d 000
15d 000
11d 000
0dd 000
0b5 000
fa4 000
ed3 000
edb 000
edb 000
dba 000
ca1 000
000 000
000 000
000 000
000 000
000 000
000 000
000 000
000 000
000 000
000 000
000 000
000 000
000 000
000 000
000 000
000 000
000 000
000 000
000 000
000 000
000 000
000 000
000 000
000 000
000 000
000 000
000 000
000 000
000 000
000 000
000 000
000 000
000 000
000 000
000 000
000 000
000 000
e12 000
ea3 000
f33 000
fa4 000
044 000
0d5 000
14d 000
1ce 000
20e 000
1f6 000
165 000
0d5 000
054 000
fd4 000
f2b 000
e32 000
d69 000
dd2 000
ec3 000
f94 000
024 000
08d 000
0a5 000
09d 000
034 000
fbc 000
f1b 000
e72 000
db2 000
d71 000
0ad 000
0fd 000
12d 000
0c5 000
fdc 000
0b5 000
16d 000
155 000
125 000
0d5 000
0fd 000
0ed 000
04c 000
f6b 000
eb3 000
e9b 000
eab 000
ea3 000
eeb 000
fcc 000
034 000
054 000
12d 000
175 000
12d 000
12d 000
034 000
f33 000
e12 000
d61 000
d92 000
e0a 000
d79 000
d82 000
000 000
000 000
000 000
000 000
000 000
000 000
000 000
000 000
000 000
000 000
000 000
000 000
000 000
000 000
000 000
000 000
000 000
000 000
000 000
000 000
000 000
000 000
000 000
000 000
000 000
000 000
000 000
000 000
000 000
000 000
000 000
000 000
000 000
000 000
000 000
000 000
000 000
ebb 000
f4b 000
fc4 000
02c 000
095 000
0e5 000
11d 000
17d 000
17d 000
14d 000
0cd 000
04c 000
ff4 000
fac 000
f4b 000
e93 000
dfa 000
e62 000
f5b 000
00c 000
074 000
0a5 000
085 000
044 000
fac 000
f1b 000
e83 000
df2 000
d8a 000
d01 000
00c 000
15d 000
1ae 000
16d 000
0cd 000
17d 000
20e 000
19e 000
0bd 000
0cd 000
0cd 000
044 000
f6b 000
eb3 000
e83 000
e9b 000
e9b 000
eeb 000
fcc 000
04c 000
034 000
105 000
196 000
0d5 000
014 000
fbc 000
f03 000
dca 000
d01 000
d41 000
e1a 000
d82 000
c78 000
da2 000
000 000
000 000
000 000
000 000
000 000
000 000
000 000
000 000
000 000
000 000
000 000
000 000
000 000
000 000
000 000
000 000
000 000
000 000
000 000
000 000
000 000
000 000
000 000
000 000
000 000
000 000
000 000
000 000
000 000
000 000
000 000
000 000
000 000
000 000
000 000
000 000
000 000
f5b 000
fdc 000
054 000
0a5 000
0b5 000
0b5 000
0c5 000
0f5 000
0e5 000
0ad 000
044 000
fec 000
fcc 000
fd4 000
fa4 000
f1b 000
e8b 000
efb 000
fcc 000
05c 000
095 000
085 000
034 000
fb4 000
f1b 000
e7a 000
dfa 000
db2 000
d8a 000
d19 000
f23 000
1fe 000
21e 000
27e 000
1ee 000
1ce 000
20e 000
115 000
0ad 000
0cd 000
044 000
f4b 000
e83 000
e8b 000
e7a 000
e8b 000
eb3 000
f84 000
02c 000
10d 000
0e5 000
135 000
03c 000
f8c 000
fa4 000
eab 000
db2 000
cf9 000
c89 000
df2 000
daa 000
c40 000
d01 000
e62 000
000 000
000 000
000 000
000 000
000 000
000 000
000 000
000 000
000 000
000 000
000 000
000 000
000 000
000 000
000 000
000 000
000 000
000 000
000 000
000 000
000 000
000 000
000 000
000 000
000 000
000 000
000 000
000 000
000 000
000 000
000 000
000 000
000 000
000 000
000 000
000 000
000 000
ff4 000
064 000
0b5 000
0bd 000
09d 000
054 000
034 000
04c 000
04c 000
034 000
ff4 000
fd4 000
ff4 000
02c 000
024 000
fc4 000
f23 000
f7b 000
03c 000
085 000
06c 000
01c 000
fb4 000
f23 000
e72 000
dfa 000
da2 000
d9a 000
dc2 000
db2 000
eb3 000
26e 000
2e7 000
31f 000
2cf 000
29f 000
19e 000
07c 000
0a5 000
04c 000
f6b 000
e62 000
e72 000
e62 000
e7a 000
ebb 000
f8c 000
00c 000
ff4 000
0cd 000
0fd 000
fe4 000
fa4 000
f8c 000
e83 000
da2 000
d31 000
c30 000
d01 000
d41 000
c50 000
ce9 000
eab 000
f3b 000
000 000
000 000
000 000
000 000
000 000
000 000
000 000
000 000
000 000
000 000
000 000
000 000
000 000
000 000
000 000
000 000
000 000
000 000
000 000
000 000
000 000
000 000
000 000
000 000
000 000
000 000
000 000
000 000
000 000
000 000
000 000
000 000
000 000
000 000
000 000
000 000
000 000
074 000
0cd 000
0dd 000
09d 000
03c 000
fc4 000
f84 000
fa4 000
fd4 000
fe4 000
fcc 000
ff4 000
054 000
0ad 000
0c5 000
064 000
f94 000
fc4 000
04c 000
054 000
014 000
f9c 000
f0b 000
e72 000
df2 000
d9a 000
d82 000
dd2 000
e32 000
e93 000
eb3 000
1ae 000
3e0 000
35f 000
2cf 000
2ef 000
0bd 000
074 000
01c 000
f63 000
e72 000
e83 000
e6a 000
e5a 000
eb3 000
f7b 000
034 000
09d 000
ff4 000
fcc 000
ff4 000
fcc 000
fa4 000
e9b 000
da2 000
e1a 000
c48 000
c20 000
d21 000
c48 000
c81 000
dba 000
e62 000
f03 000
000 000
000 000
000 000
000 000
000 000
000 000
000 000
000 000
000 000
000 000
000 000
000 000
000 000
000 000
000 000
000 000
000 000
000 000
000 000
000 000
000 000
000 000
000 000
000 000
000 000
000 000
000 000
000 000
000 000
000 000
000 000
000 000
000 000
000 000
000 000
000 000
000 000
0d5 000
0f5 000
0bd 000
054 000
fb4 000
f0b 000
ecb 000
f1b 000
f73 000
fbc 000
ff4 000
054 000
0dd 000
145 000
165 000
0dd 000
fec 000
fec 000
014 000
ff4 000
f94 000
f13 000
e7a 000
df2 000
daa 000
d82 000
db2 000
e2a 000
ebb 000
f4b 000
f9c 000
03c 000
3b0 000
3e0 000
33f 000
276 000
08d 000
004 000
f7b 000
ea3 000
e5a 000
e8b 000
ea3 000
ecb 000
f3b 000
00c 000
074 000
08d 000
06c 000
01c 000
fc4 000
fd4 000
e5a 000
d39 000
da2 000
dd2 000
c00 000
c58 000
ce9 000
c91 000
d49 000
db2 000
ec3 000
f2b 000
000 000
000 000
000 000
000 000
000 000
000 000
000 000
000 000
000 000
000 000
000 000
000 000
000 000
000 000
000 000
000 000
000 000
000 000
000 000
000 000
000 000
000 000
000 000
000 000
000 000
000 000
000 000
000 000
000 000
000 000
000 000
000 000
000 000
000 000
000 000
000 000
000 000
0f5 000
0d5 000
054 000
fcc 000
f23 000
e62 000
e22 000
eb3 000
f53 000
fdc 000
054 000
0d5 000
17d 000
1ee 000
1de 000
13d 000
014 000
fbc 000
fbc 000
f6b 000
f03 000
e6a 000
dea 000
d9a 000
d82 000
daa 000
e12 000
eb3 000
f6b 000
00c 000
05c 000
024 000
23e 000
400 000
347 000
1de 000
024 000
f2b 000
e7a 000
e32 000
e83 000
e6a 000
e8b 000
f53 000
ffc 000
07c 000
0ad 000
fe4 000
fd4 000
fe4 000
004 000
f23 000
db2 000
cd1 000
d39 000
d01 000
c30 000
c81 000
c78 000
d29 000
e32 000
eb3 000
f6b 000
fcc 000
000 000
000 000
000 000
000 000
000 000
000 000
000 000
000 000
000 000
000 000
000 000
000 000
000 000
000 000
000 000
000 000
000 000
000 000
000 000
000 000
000 000
000 000
000 000
000 000
000 000
000 000
000 000
000 000
000 000
000 000
000 000
000 000
000 000
000 000
000 000
000 000
000 000
0d5 000
06c 000
fdc 000
f2b 000
e83 000
dca 000
dba 000
e8b 000
f5b 000
02c 000
0d5 000
16d 000
216 000
276 000
23e 000
165 000
fec 000
f63 000
f33 000
ed3 000
e6a 000
dfa 000
da2 000
d79 000
da2 000
dfa 000
e93 000
f4b 000
014 000
09d 000
0d5 000
074 000
17d 000
3f8 000
307 000
196 000
f5b 000
ec3 000
e0a 000
e32 000
e5a 000
ea3 000
f73 000
034 000
034 000
0bd 000
095 000
fcc 000
f53 000
ed3 000
f13 000
e52 000
d69 000
ca1 000
c91 000
d39 000
d09 000
c40 000
ce1 000
d82 000
e22 000
e5a 000
f3b 000
085 000
000 000
000 000
000 000
000 000
000 000
000 000
000 000
000 000
000 000
000 000
000 000
000 000
000 000
000 000
000 000
000 000
000 000
000 000
000 000
000 000
000 000
000 000
000 000
000 000
000 000
000 000
000 000
000 000
000 000
000 000
000 000
000 000
000 000
000 000
000 000
000 000
000 000
06c 000
fe4 000
f53 000
e9b 000
dfa 000
d69 000
d8a 000
ea3 000
fb4 000
0ad 000
165 000
20e 000
28f 000
2c7 000
25e 000
145 000
fa4 000
eeb 000
eb3 000
e5a 000
df2 000
daa 000
d92 000
db2 000
e02 000
e7a 000
f33 000
fec 000
0a5 000
105 000
105 000
074 000
125 000
377 000
2a7 000
fcc 000
e5a 000
e52 000
e42 000
e3a 000
e72 000
f9c 000
03c 000
09d 000
044 000
f7b 000
f94 000
fb4 000
e93 000
e02 000
e0a 000
dca 000
d71 000
c60 000
c50 000
ce1 000
e62 000
d31 000
d92 000
dfa 000
e4a 000
edb 000
0bd 000
0a5 000
000 000
000 000
000 000
000 000
000 000
000 000
000 000
000 000
000 000
000 000
000 000
000 000
000 000
000 000
000 000
000 000
000 000
000 000
000 000
000 000
000 000
000 000
000 000
000 000
000 000
000 000
000 000
000 000
000 000
000 000
000 000
000 000
000 000
000 000
000 000
000 000
000 000
fdc 000
f53 000
eab 000
e12 000
db2 000
d59 000
db2 000
efb 000
034 000
13d 000
1fe 000
287 000
2e7 000
2e7 000
24e 000
0f5 000
f2b 000
e52 000
e0a 000
dda 000
d9a 000
d8a 000
dba 000
e12 000
e83 000
f2b 000
fdc 000
064 000
0ed 000
12d 000
0f5 000
054 000
03c 000
2bf 000
19e 000
e62 000
de2 000
dfa 000
e2a 000
e9b 000
f6b 000
fc4 000
03c 000
0ad 000
05c 000
efb 000
fbc 000
eb3 000
e02 000
d82 000
d09 000
d31 000
cd9 000
c78 000
cb1 000
c60 000
ecb 000
e9b 000
e72 000
e2a 000
e93 000
11d 000
155 000
1ae 000
000 000
000 000
000 000
000 000
000 000
000 000
000 000
000 000
000 000
000 000
000 000
000 000
000 000
000 000
000 000
000 000
000 000
000 000
000 000
000 000
000 000
000 000
000 000
000 000
000 000
000 000
000 000
000 000
000 000
000 000
000 000
000 000
000 000
000 000
000 000
000 000
000 000
f3b 000
eb3 000
e2a 000
dc2 000
d8a 000
d82 000
e02 000
f84 000
0d5 000
1d6 000
27e 000
2e7 000
30f 000
2d7 000
1f6 000
085 000
eab 000
dba 000
d8a 000
d79 000
d8a 000
dba 000
e22 000
ea3 000
f2b 000
fbc 000
03c 000
11d 000
196 000
105 000
0ad 000
00c 000
f33 000
17d 000
0b5 000
e02 000
e22 000
dfa 000
e7a 000
f84 000
fec 000
fbc 000
fb4 000
fac 000
fac 000
f3b 000
f9c 000
dea 000
dba 000
d29 000
c68 000
c48 000
c60 000
c81 000
d8a 000
d82 000
eab 000
eab 000
e22 000
e72 000
0c5 000
19e 000
1d6 000
21e 000
000 000
000 000
000 000
000 000
000 000
000 000
000 000
000 000
000 000
000 000
000 000
000 000
000 000
000 000
000 000
000 000
000 000
000 000
000 000
000 000
000 000
000 000
000 000
000 000
000 000
000 000
000 000
000 000
000 000
000 000
000 000
000 000
000 000
000 000
000 000
000 000
000 000
ebb 000
e32 000
dba 000
d9a 000
daa 000
dd2 000
e8b 000
00c 000
165 000
25e 000
2df 000
307 000
2ef 000
27e 000
16d 000
fe4 000
e1a 000
d59 000
d49 000
d71 000
dba 000
e22 000
eab 000
f3b 000
fbc 000
03c 000
0ad 000
16d 000
11d 000
0bd 000
044 000
fa4 000
ecb 000
f84 000
095 000
e12 000
e1a 000
e9b 000
f4b 000
00c 000
0a5 000
074 000
fcc 000
f53 000
ee3 000
eab 000
ef3 000
d8a 000
d41 000
c99 000
c30 000
c10 000
c50 000
c99 000
e42 000
ed3 000
f33 000
004 000
e42 000
064 000
1b6 000
1be 000
236 000
19e 000
000 000
000 000
000 000
000 000
000 000
000 000
000 000
000 000
000 000
000 000
000 000
000 000
000 000
000 000
000 000
000 000
000 000
000 000
000 000
000 000
000 000
000 000
000 000
000 000
000 000
000 000
000 000
000 000
000 000
000 000
000 000
000 000
000 000
000 000
000 000
000 000
000 000
e2a 000
dd2 000
d92 000
db2 000
de2 000
e42 000
f13 000
09d 000
1de 000
2b7 000
2ff 000
2ef 000
297 000
1f6 000
0d5 000
f4b 000
d92 000
d11 000
d49 000
d92 000
e02 000
e93 000
f33 000
fd4 000
04c 000
0ad 000
0d5 000
115 000
0b5 000
04c 000
fc4 000
f2b 000
e8b 000
e52 000
fe4 000
e72 000
e83 000
f84 000
01c 000
0bd 000
05c 000
f8c 000
f4b 000
fdc 000
e7a 000
df2 000
e52 000
d39 000
cd1 000
c48 000
c08 000
c48 000
cd9 000
cf9 000
e3a 000
eab 000
ebb 000
064 000
ff4 000
1a6 000
16d 000
1e6 000
186 000
14d 000
000 000
000 000
000 000
000 000
000 000
000 000
000 000
000 000
000 000
000 000
000 000
000 000
000 000
000 000
000 000
000 000
000 000
000 000
000 000
000 000
000 000
000 000
000 000
000 000
000 000
000 000
000 000
000 000
000 000
000 000
000 000
000 000
000 000
000 000
000 000
000 000
000 000
dc2 000
da2 000
dba 000
e02 000
e7a 000
ee3 000
fac 000
12d 000
23e 000
2df 000
2e7 000
297 000
21e 000
15d 000
044 000
ec3 000
d31 000
ce1 000
d51 000
dea 000
e8b 000
f33 000
fdc 000
064 000
0ad 000
0cd 000
0c5 000
095 000
044 000
fa4 000
f03 000
e72 000
e22 000
e4a 000
e3a 000
e93 000
f63 000
03c 000
0a5 000
0c5 000
f8c 000
f7b 000
edb 000
f7b 000
e5a 000
d82 000
ce9 000
d31 000
ce9 000
c00 000
c08 000
cd1 000
d51 000
dca 000
e5a 000
f7b 000
e42 000
fe4 000
17d 000
145 000
1c6 000
105 000
0c5 000
0c5 000
000 000
000 000
000 000
000 000
000 000
000 000
000 000
000 000
000 000
000 000
000 000
000 000
000 000
000 000
000 000
000 000
000 000
000 000
000 000
000 000
000 000
000 000
000 000
000 000
000 000
000 000
000 000
000 000
000 000
000 000
000 000
000 000
000 000
000 000
000 000
000 000
000 000
da2 000
dc2 000
e02 000
e72 000
f0b 000
f7b 000
024 000
186 000
266 000
2b7 000
287 000
216 000
186 000
0cd 000
fbc 000
e6a 000
d19 000
cf1 000
da2 000
e62 000
f23 000
fc4 000
054 000
0ad 000
0c5 000
0ad 000
074 000
01c 000
fa4 000
f23 000
eab 000
e42 000
e93 000
e8b 000
ed3 000
fd4 000
fc4 000
0a5 000
0fd 000
095 000
f84 000
fc4 000
e5a 000
f7b 000
d8a 000
ce9 000
d29 000
d39 000
c30 000
c00 000
c78 000
d69 000
daa 000
eeb 000
f1b 000
f4b 000
ef3 000
0dd 000
0b5 000
1d6 000
155 000
085 000
01c 000
074 000
000 000
000 000
000 000
000 000
000 000
000 000
000 000
000 000
000 000
000 000
000 000
000 000
000 000
000 000
000 000
000 000
000 000
000 000
000 000
000 000
000 000
000 000
000 000
000 000
000 000
000 000
000 000
000 000
000 000
000 000
000 000
000 000
000 000
000 000
000 000
000 000
000 000
dba 000
e12 000
e83 000
f23 000
fb4 000
004 000
07c 000
196 000
23e 000
256 000
20e 000
186 000
0ed 000
044 000
f6b 000
e4a 000
d31 000
d59 000
e22 000
ef3 000
fbc 000
054 000
0a5 000
0c5 000
09d 000
054 000
fec 000
f8c 000
f13 000
ea3 000
e3a 000
f33 000
f43 000
d19 000
ce1 000
f5b 000
186 000
0e5 000
09d 000
f94 000
01c 000
ee3 000
e6a 000
f0b 000
ca9 000
c81 000
c70 000
c30 000
c00 000
c68 000
d11 000
dfa 000
e6a 000
f73 000
f6b 000
ed3 000
07c 000
0dd 000
19e 000
186 000
125 000
fec 000
fc4 000
07c 000
000 000
000 000
000 000
000 000
000 000
000 000
000 000
000 000
000 000
000 000
000 000
000 000
000 000
000 000
000 000
000 000
000 000
000 000
000 000
000 000
000 000
000 000
000 000
000 000
000 000
000 000
000 000
000 000
000 000
000 000
000 000
000 000
000 000
000 000
000 000
000 000
000 000
e1a 000
e9b 000
f33 000
fc4 000
03c 000
05c 000
08d 000
175 000
1e6 000
1de 000
17d 000
0ed 000
074 000
ff4 000
f53 000
e72 000
d82 000
de2 000
ebb 000
f94 000
03c 000
0b5 000
0c5 000
09d 000
04c 000
fcc 000
f4b 000
ee3 000
e83 000
e4a 000
e72 000
f53 000
ed3 000
cd1 000
d31 000
064 000
196 000
05c 000
fd4 000
f8c 000
fbc 000
e1a 000
e93 000
e6a 000
c18 000
c50 000
c68 000
c91 000
cb9 000
cd1 000
d41 000
ecb 000
f9c 000
f94 000
ef3 000
fa4 000
135 000
12d 000
175 000
135 000
0b5 000
f73 000
024 000
09d 000
000 000
000 000
000 000
000 000
000 000
000 000
000 000
000 000
000 000
000 000
000 000
000 000
000 000
000 000
000 000
000 000
000 000
000 000
000 000
000 000
000 000
000 000
000 000
000 000
000 000
000 000
000 000
000 000
000 000
000 000
000 000
000 000
000 000
000 000
000 000
000 000
000 000
e8b 000
f3b 000
fe4 000
04c 000
08d 000
06c 000
064 000
115 000
155 000
145 000
0e5 000
064 000
01c 000
fe4 000
f7b 000
edb 000
e12 000
e83 000
f63 000
01c 000
0a5 000
0c5 000
09d 000
03c 000
fb4 000
f2b 000
eab 000
e32 000
dfa 000
e83 000
f63 000
f7b 000
00c 000
f73 000
f73 000
0bd 000
0b5 000
fb4 000
f4b 000
ff4 000
ec3 000
e7a 000
d82 000
d69 000
c40 000
c60 000
c18 000
cc9 000
e02 000
d31 000
de2 000
e83 000
fac 000
f53 000
ec3 000
0d5 000
125 000
17d 000
0fd 000
10d 000
ffc 000
fdc 000
074 000
f03 000
000 000
000 000
000 000
000 000
000 000
000 000
000 000
000 000
000 000
000 000
000 000
000 000
000 000
000 000
000 000
000 000
000 000
000 000
000 000
000 000
000 000
000 000
000 000
000 000
000 000
000 000
000 000
000 000
000 000
000 000
000 000
000 000
000 000
000 000
000 000
000 000
000 000

